MSE: 0.0566315198409488
MAE: 0.1992653905042059
R2 Score: 0.06710733424485216
