MSE: 0.07666714572125709
MAE: 0.2308591544628143
R2 Score: 0.01670787468732171
