MSE: 0.05789321797061534
MAE: 0.20161111883102287
R2 Score: 0.0463233444301937
