MSE: 0.05740086038315989
MAE: 0.20212261031216155
R2 Score: 0.05443396522151456
