MSE: 0.057361584869053815
MAE: 0.19486963782045574
R2 Score: 0.10290890694462773
