MSE: 0.06682417469924601
MAE: 0.21335627332711835
R2 Score: 0.11381114508785484
