MSE: 0.05636980177975854
MAE: 0.19192395615272032
R2 Score: 0.11841963206982786
