MSE: 0.05559125015743315
MAE: 0.19113981830040322
R2 Score: 0.1305955809643068
